Player	Season	WAR	H	ER	HR	BB	SO	ERA+	FIP	WHIP	H9	HR9	BB9	SO9	SO/BB
Roger Clemens	1990	10.4	193	49	7	54	209	211	2.18	1.082	7.6	0.3	2.1	8.2	3.87
Roger Clemens	1991	7.9	219	79	15	65	241	165	2.57	1.047	7.3	0.5	2.2	8	3.71
Roger Clemens	1992	8.7	203	66	11	62	208	174	2.54	1.074	7.4	0.4	2.3	7.6	3.35
Roger Clemens	1993	2.6	175	95	17	67	160	104	3.69	1.263	8.2	0.8	3.1	7.5	2.39
Roger Clemens	1994	6	124	54	15	71	168	176	3.62	1.143	6.5	0.8	3.7	8.9	2.37
Roger Clemens	1995	1.9	141	65	15	60	132	117	4.2	1.436	9.1	1	3.9	8.5	2.2
Roger Clemens	1996	7.7	216	98	19	106	257	139	3.43	1.327	8	0.7	3.9	9.5	2.42
Roger Clemens	1997	11.9	204	60	9	68	292	222	2.25	1.03	7	0.3	2.3	10	4.29
Roger Clemens	1998	8.1	169	69	11	88	271	174	2.65	1.095	6.5	0.4	3.4	10.4	3.08
Roger Clemens	1999	2.8	185	96	20	90	163	102	4.36	1.465	8.9	1	4.3	7.8	1.81
Roger Clemens	2000	4.6	184	84	26	84	188	131	4.33	1.312	8.1	1.1	3.7	8.3	2.24
Roger Clemens	2001	5.7	205	86	19	72	213	128	3.29	1.257	8.4	0.8	2.9	8.7	2.96
Roger Clemens	2002	2.6	172	87	18	63	192	102	3.3	1.306	8.6	0.9	3.2	9.6	3.05
Roger Clemens	2003	4	199	92	24	58	190	113	3.6	1.214	8.5	1	2.5	8.1	3.28
Roger Clemens	2004	5.4	169	71	15	79	218	145	3.11	1.157	7.1	0.6	3.3	9.2	2.76
Pedro Martinez	1993	3	76	31	5	57	119	146	3.08	1.243	6.4	0.4	4.8	10	2.09
Pedro Martinez	1994	2.4	115	55	11	45	142	124	3.32	1.106	7.2	0.7	2.8	8.8	3.16
Pedro Martinez	1995	4.7	158	76	21	66	174	123	3.9	1.151	7.3	1	3.1	8	2.64
Pedro Martinez	1996	4	189	89	19	70	222	117	3.27	1.195	7.9	0.8	2.9	9.2	3.17
Pedro Martinez	1997	9	158	51	16	67	305	219	2.39	0.932	5.9	0.6	2.5	11.4	4.55
Pedro Martinez	1998	7.3	188	75	26	67	251	163	3.4	1.091	7.2	1	2.6	9.7	3.75
Pedro Martinez	1999	9.8	160	49	9	37	313	243	1.39	0.923	6.8	0.4	1.6	13.2	8.46
Pedro Martinez	2000	11.7	128	42	17	32	284	291	2.17	0.737	5.3	0.7	1.3	11.8	8.88
Pedro Martinez	2001	5.1	84	31	5	25	163	188	1.61	0.934	6.5	0.4	1.9	12.6	6.52
Pedro Martinez	2002	6.5	144	50	13	40	239	202	2.24	0.923	6.5	0.6	1.8	10.8	5.98
Pedro Martinez	2003	8	147	46	7	47	206	211	2.21	1.039	7.1	0.3	2.3	9.9	4.38
Pedro Martinez	2004	5.5	193	94	26	61	227	124	3.58	1.171	8	1.1	2.5	9.4	3.72
Pedro Martinez	2005	7	159	68	19	47	208	146	2.95	0.949	6.6	0.8	1.9	8.6	4.43
Pedro Martinez	2006	1	108	66	19	39	137	98	4.05	1.108	7.3	1.3	2.6	9.3	3.51
Pedro Martinez	2007	0.6	33	8	0	7	32	169	1.92	1.429	10.6	0	2.3	10.3	4.57
Randy Johnson	1993	6.6	185	92	22	99	308	135	3.05	1.112	6.5	0.8	3.5	10.9	3.11
Randy Johnson	1994	5.5	132	61	14	72	204	152	3.18	1.186	6.9	0.7	3.8	10.7	2.83
Randy Johnson	1995	8.6	159	59	12	65	294	193	2.08	1.045	6.7	0.5	2.7	12.3	4.52
Randy Johnson	1996	1.2	48	25	8	25	85	136	3.42	1.19	7	1.2	3.7	12.5	3.4
Randy Johnson	1997	8	147	54	20	77	291	197	2.82	1.052	6.2	0.8	3.3	12.3	3.78
Randy Johnson	1998	5.7	203	89	23	86	329	135	2.9	1.183	7.5	0.8	3.2	12.1	3.83
Randy Johnson	1998	1.4	146	77	19	60	213	106	3.35	1.288	8.2	1.1	3.4	12	3.55
Randy Johnson	1998	4.3	57	12	4	26	116	322	2.04	0.984	6.1	0.4	2.8	12.4	4.46
Randy Johnson	1999	9.1	207	75	30	70	364	184	2.76	1.02	6.9	1	2.3	12.1	5.2
Randy Johnson	2000	8.1	202	73	23	76	347	181	2.53	1.118	7.3	0.8	2.8	12.6	4.57
Randy Johnson	2001	10.1	181	69	19	71	372	188	2.13	1.009	6.5	0.7	2.6	13.4	5.24
Randy Johnson	2002	10.7	197	67	26	71	334	195	2.66	1.031	6.8	0.9	2.5	11.6	4.7
Randy Johnson	2003	1.6	125	54	16	27	125	110	3.58	1.333	9.9	1.3	2.1	9.9	4.63
Randy Johnson	2004	8.4	177	71	18	44	290	176	2.3	0.9	6.5	0.7	1.6	10.6	6.59
Randy Johnson	2005	5.8	207	95	32	47	211	112	3.78	1.126	8.3	1.3	1.9	8.4	4.49
Greg Maddux	1991	3.5	232	98	18	66	198	116	3.06	1.133	7.9	0.6	2.3	6.8	3
Greg Maddux	1992	9.1	201	65	7	70	199	166	2.58	1.011	6.8	0.2	2.4	6.7	2.84
Greg Maddux	1993	5.8	228	70	14	52	197	170	2.85	1.049	7.7	0.5	1.8	6.6	3.79
Greg Maddux	1994	8.5	150	35	4	31	156	271	2.39	0.896	6.7	0.2	1.4	7	5.03
Greg Maddux	1995	9.7	147	38	8	23	181	260	2.26	0.811	6.3	0.3	1	7.8	7.87
Greg Maddux	1996	7.2	225	74	11	28	172	162	2.73	1.033	8.3	0.4	1	6.3	6.14
Greg Maddux	1997	7.8	200	57	9	20	177	189	2.43	0.946	7.7	0.3	0.8	6.8	8.85
Greg Maddux	1998	6.6	201	62	13	45	204	187	2.81	0.98	7.2	0.5	1.6	7.3	4.53
Greg Maddux	1999	3.2	258	87	16	37	136	126	3.4	1.345	10.6	0.7	1.5	5.6	3.68
Greg Maddux	2000	6.5	225	83	19	42	190	153	3.23	1.071	8.1	0.7	1.5	6.9	4.52
Greg Maddux	2001	5.2	220	79	20	27	173	146	3.12	1.06	8.5	0.8	1	6.7	6.41
Greg Maddux	2002	4.4	194	58	14	45	118	159	3.43	1.199	8.8	0.6	2	5.3	2.62
Greg Maddux	2003	1.3	225	96	24	33	124	108	3.89	1.182	9.3	1	1.4	5.1	3.76
Greg Maddux	2004	3.2	218	95	35	33	151	110	4.36	1.18	9.2	1.5	1.4	6.4	4.58
Greg Maddux	2005	2.9	239	106	29	36	136	104	4.06	1.222	9.6	1.2	1.4	5.4	3.78
Clayton Kershaw	2009	4.7	119	53	7	91	185	143	3.08	1.228	6.3	0.4	4.8	9.7	2.03
Clayton Kershaw	2010	5.6	160	66	13	81	212	133	3.12	1.179	7	0.6	3.6	9.3	2.62
Clayton Kershaw	2011	6.8	174	59	15	54	248	161	2.47	0.977	6.7	0.6	2.1	9.6	4.59
Clayton Kershaw	2012	6.4	170	64	16	63	229	150	2.89	1.023	6.7	0.6	2.5	9.1	3.63
Clayton Kershaw	2013	8.1	164	48	11	52	232	194	2.39	0.915	6.3	0.4	2	8.8	4.46
Clayton Kershaw	2014	7.7	139	39	9	31	239	197	1.81	0.857	6.3	0.4	1.4	10.8	7.71
Clayton Kershaw	2015	7.2	163	55	15	42	301	173	1.99	0.881	6.3	0.6	1.6	11.6	7.17
Clayton Kershaw	2016	5.8	97	28	8	11	172	237	1.8	0.725	5.9	0.5	0.7	10.4	15.64
Clayton Kershaw	2017	5	136	45	23	30	202	179	3.07	0.949	7	1.2	1.5	10.4	6.73
Clayton Kershaw	2018	3.3	139	49	17	29	155	142	3.18	1.041	7.8	0.9	1.6	8.6	5.34
Clayton Kershaw	2019	3.3	145	60	28	41	189	137	3.86	1.043	7.3	1.4	2.1	9.5	4.61
Clayton Kershaw	2020	1.8	41	14	8	8	62	202	3.31	0.84	6.3	1.2	1.2	9.6	7.75
Clayton Kershaw	2021	2.3	103	48	15	21	144	119	3	1.019	7.6	1.1	1.6	10.7	6.86
Clayton Kershaw	2022	3.5	96	32	10	23	137	177	2.57	0.942	6.8	0.7	1.6	9.8	5.96
Clayton Kershaw	2023	3.7	100	36	19	40	137	175	4.03	1.063	6.8	1.3	2.7	9.4	3.43
